the header is 
the frameId: int RotVec: X Y Z          TransVec: X Y Z
      0        0        0        0        0        0        0
      1        0        0     0.01      0.1      0.2      0.3
      2        0        0     0.02      0.2      0.4      0.6
      3        0        0     0.03      0.3      0.6      0.9
      4        0        0     0.04      0.4      0.8      1.2
      5        0        0     0.05      0.5        1      1.5
      6        0        0     0.06      0.6      1.2      1.8
      7        0        0     0.07      0.7      1.4      2.1
      8        0        0     0.08      0.8      1.6      2.4
      9        0        0     0.09      0.9      1.8      2.7
     10        0        0      0.1        1        2        3
     11        0        0     0.11      1.1      2.2      3.3
     12        0        0     0.12      1.2      2.4      3.6
     13        0        0     0.13      1.3      2.6      3.9
     14        0        0     0.14      1.4      2.8      4.2
     15        0        0     0.15      1.5        3      4.5
     16        0        0     0.16      1.6      3.2      4.8
     17        0        0     0.17      1.7      3.4      5.1
     18        0        0     0.18      1.8      3.6      5.4
     19        0        0     0.19      1.9      3.8      5.7
     20        0        0      0.2        2        4        6
     21        0        0     0.21      2.1      4.2      6.3
     22        0        0     0.22      2.2      4.4      6.6
     23        0        0     0.23      2.3      4.6      6.9
     24        0        0     0.24      2.4      4.8      7.2
     25        0        0     0.25      2.5        5      7.5
     26        0        0     0.26      2.6      5.2      7.8
     27        0        0     0.27      2.7      5.4      8.1
     28        0        0     0.28      2.8      5.6      8.4
     29        0        0     0.29      2.9      5.8      8.7
     30        0        0      0.3        3        6        9
     31        0        0     0.31      3.1      6.2      9.3
     32        0        0     0.32      3.2      6.4      9.6
     33        0        0     0.33      3.3      6.6      9.9
     34        0        0     0.34      3.4      6.8     10.2
     35        0        0     0.35      3.5        7     10.5
     36        0        0     0.36      3.6      7.2     10.8
     37        0        0     0.37      3.7      7.4     11.1
     38        0        0     0.38      3.8      7.6     11.4
     39        0        0     0.39      3.9      7.8     11.7
     40        0        0      0.4        4        8       12
     41        0        0     0.41      4.1      8.2     12.3
     42        0        0     0.42      4.2      8.4     12.6
     43        0        0     0.43      4.3      8.6     12.9
     44        0        0     0.44      4.4      8.8     13.2
     45        0        0     0.45      4.5        9     13.5
     46        0        0     0.46      4.6      9.2     13.8
     47        0        0     0.47      4.7      9.4     14.1
     48        0        0     0.48      4.8      9.6     14.4
     49        0        0     0.49      4.9      9.8     14.7
     50        0        0      0.5        5       10       15
     51        0        0     0.51      5.1     10.2     15.3
     52        0        0     0.52      5.2     10.4     15.6
     53        0        0     0.53      5.3     10.6     15.9
     54        0        0     0.54      5.4     10.8     16.2
     55        0        0     0.55      5.5       11     16.5
     56        0        0     0.56      5.6     11.2     16.8
     57        0        0     0.57      5.7     11.4     17.1
     58        0        0     0.58      5.8     11.6     17.4
     59        0        0     0.59      5.9     11.8     17.7
     60        0        0      0.6        6       12       18
     61        0        0     0.61      6.1     12.2     18.3
     62        0        0     0.62      6.2     12.4     18.6
     63        0        0     0.63      6.3     12.6     18.9
     64        0        0     0.64      6.4     12.8     19.2
     65        0        0     0.65      6.5       13     19.5
     66        0        0     0.66      6.6     13.2     19.8
     67        0        0     0.67      6.7     13.4     20.1
     68        0        0     0.68      6.8     13.6     20.4
     69        0        0     0.69      6.9     13.8     20.7
     70        0        0      0.7        7       14       21
     71        0        0     0.71      7.1     14.2     21.3
     72        0        0     0.72      7.2     14.4     21.6
     73        0        0     0.73      7.3     14.6     21.9
     74        0        0     0.74      7.4     14.8     22.2
     75        0        0     0.75      7.5       15     22.5
     76        0        0     0.76      7.6     15.2     22.8
     77        0        0     0.77      7.7     15.4     23.1
     78        0        0     0.78      7.8     15.6     23.4
     79        0        0     0.79      7.9     15.8     23.7
     80        0        0      0.8        8       16       24
     81        0        0     0.81      8.1     16.2     24.3
     82        0        0     0.82      8.2     16.4     24.6
     83        0        0     0.83      8.3     16.6     24.9
     84        0        0     0.84      8.4     16.8     25.2
     85        0        0     0.85      8.5       17     25.5
     86        0        0     0.86      8.6     17.2     25.8
     87        0        0     0.87      8.7     17.4     26.1
     88        0        0     0.88      8.8     17.6     26.4
     89        0        0     0.89      8.9     17.8     26.7
     90        0        0      0.9        9       18       27
     91        0        0     0.91      9.1     18.2     27.3
     92        0        0     0.92      9.2     18.4     27.6
     93        0        0     0.93      9.3     18.6     27.9
     94        0        0     0.94      9.4     18.8     28.2
     95        0        0     0.95      9.5       19     28.5
     96        0        0     0.96      9.6     19.2     28.8
     97        0        0     0.97      9.7     19.4     29.1
     98        0        0     0.98      9.8     19.6     29.4
     99        0        0     0.99      9.9     19.8     29.7
